CMDLINE /usr/local/opt/python@3.9/bin/python3.9 merge_example.py
MEM 0.304688 1636327088.3733
MEM 21.035156 1636327088.4792
MEM 34.804688 1636327088.5848
MEM 45.937500 1636327088.6928
MEM 57.417969 1636327088.8008
MEM 65.492188 1636327088.9040
MEM 79.769531 1636327089.0096
MEM 89.203125 1636327089.1141
CHLD 0 7.804688 1636327089.1183
MEM 89.203125 1636327089.2227
CHLD 0 8.652344 1636327089.2304
MEM 89.203125 1636327089.3339
CHLD 0 8.652344 1636327089.3408
MEM 89.203125 1636327089.4424
CHLD 0 8.652344 1636327089.4494
MEM 89.210938 1636327089.5547
CHLD 0 8.652344 1636327089.5621
MEM 89.210938 1636327089.6675
CHLD 0 8.652344 1636327089.6747
MEM 89.218750 1636327089.7751
CHLD 0 8.652344 1636327089.7820
MEM 97.546875 1636327089.8864
CHLD 0 8.652344 1636327089.8902
CHLD 1 18.042969 1636327089.8902
MEM 106.371094 1636327089.9922
CHLD 0 8.652344 1636327089.9964
CHLD 1 30.687500 1636327089.9964
MEM 106.371094 1636327090.0979
CHLD 0 8.652344 1636327090.1017
CHLD 1 38.351562 1636327090.1017
MEM 106.378906 1636327090.2024
CHLD 0 8.652344 1636327090.2057
CHLD 1 49.824219 1636327090.2058
MEM 108.214844 1636327090.3088
CHLD 0 8.652344 1636327090.3130
CHLD 1 58.792969 1636327090.3130
MEM 112.785156 1636327090.4155
CHLD 0 8.652344 1636327090.4185
CHLD 1 63.242188 1636327090.4185
MEM 112.792969 1636327090.5209
CHLD 0 8.652344 1636327090.5239
CHLD 1 76.066406 1636327090.5239
MEM 112.808594 1636327090.6255
CHLD 0 8.652344 1636327090.6285
CHLD 1 89.078125 1636327090.6285
MEM 112.808594 1636327090.7289
CHLD 0 8.652344 1636327090.7341
CHLD 1 89.160156 1636327090.7342
MEM 113.238281 1636327090.8383
CHLD 0 8.652344 1636327090.8455
CHLD 1 89.160156 1636327090.8455
MEM 113.234375 1636327090.9463
CHLD 0 8.652344 1636327090.9509
MEM 113.234375 1636327091.0516
CHLD 0 8.652344 1636327091.0582
MEM 111.621094 1636327091.1599
CHLD 0 8.652344 1636327091.1645
MEM 107.144531 1636327091.2663
CHLD 0 8.652344 1636327091.2705
